1.818849059111451671e+00 -7.207485677307819659e-03 -1.382285114465362647e-02 -2.809480197200591722e-01 -3.673838085807630549e-03 7.893124164078035854e-02 3.808648254379577713e-02 -6.997780414685890547e-04 3.047846766644225769e-02 9.979733895374126584e-02 4.006334525220339211e-05 -1.066557853704669552e-02 1.803860995248769417e+00 -1.889622408312575897e-03 6.625144870007224074e-02 -2.511823877840820174e+00 2.529270550715666255e-02 2.879551420734390021e-02
-7.207485677307819659e-03 2.702938524748281335e+00 -5.563337248995870593e-02 3.092905619188966119e-03 -6.843911000334201855e-01 6.328974438002317807e-03 -4.257244420900134496e-03 -1.206928061109369815e-01 -4.457453422250078762e-05 -7.357327903244311525e-05 8.557905831021811460e-02 -3.521611159301905013e-03 -5.356141798828546741e-02 9.113604753731898711e-01 1.423082261666270068e-02 2.975129007979286366e-01 -2.360297581313498760e+00 2.332451882179532171e-02
-1.382285114465362647e-02 -5.563337248995870593e-02 2.940391119120761587e+01 3.742812339771552088e-02 -3.504136292520877716e-02 -4.933044851478442516e-01 -2.919242825845144024e-02 -2.499717343033394483e-03 1.222757872371605492e+00 -8.020524785426069031e-03 -2.432775065573771541e-03 -8.708009861351007075e-01 -3.855871904232897190e-02 -6.276901246490391995e-02 3.122327136969917483e+00 1.881646416766963661e-02 1.399754025342571095e-01 -3.221958100641055012e+01
-2.809480197200591722e-01 3.092905619188966119e-03 3.742812339771552088e-02 1.863874910561675424e+00 6.697913636103003387e-02 2.902449893309779760e-01 -3.165941634631158852e+00 2.150120103847428729e-02 4.500920138023895706e-02 1.091581979154325754e+00 -5.391425309950818867e-02 -3.855427286691710809e-02 -1.745567980929668417e-01 -1.596074040008143777e-02 6.147184493063569816e-02 2.299728628155175703e-01 -9.089042404663469701e-03 -4.908734041393712777e-02
-3.673838085807630549e-03 -6.843911000334201855e-01 -3.504136292520877716e-02 6.697913636103003387e-02 1.579349193218760439e+00 3.309790185596493961e-01 -2.888985948023983590e-04 -3.520623341304228493e+00 3.474419545970166417e-02 -1.888538617450400640e-03 8.999593095837530310e-01 -6.282699058862833974e-02 -1.596074038541980128e-02 -5.788756509802314154e-01 5.537269417904153168e-02 -9.822362665368813278e-03 -2.578056474901490591e-01 1.331559548670697632e-02
7.893124164078035854e-02 6.328974438002317807e-03 -4.933044851478442516e-01 2.902449893309779760e-01 3.309790185596493961e-01 1.215533379140908181e+02 -1.607668014759774389e-01 5.878411817083583485e-02 -1.205102394788030722e+02 -2.072258784365772419e-02 5.921706276034147468e-03 3.122686276361177349e+00 6.147184492567322328e-02 5.537269421576182515e-02 -6.088018537034741717e-01 2.660250773424459592e-01 -6.270620493768180870e-02 -1.973027196940209116e+00
3.808648254379577713e-02 -4.257244420900134496e-03 -2.919242825845144024e-02 -3.165941634631158852e+00 -2.888985948023983590e-04 -1.607668014759774389e-01 6.421737479192597853e+00 2.859314195120977176e-01 1.960505819012499373e-02 -3.265744780579461715e+00 3.175066863021033803e-01 1.882498567613376944e-02 2.299728726683740454e-01 -9.822364128906444641e-03 2.660259556033672812e-01 -8.422572366069602801e-02 -1.170270664485833882e-02 -1.263163548501150257e-01
-6.997780414685890547e-04 -1.206928061109369815e-01 -2.499717343033394483e-03 2.150120103847428729e-02 -3.520623341304228493e+00 5.878411817083583485e-02 2.859314195120977176e-01 7.110741910891091422e+00 9.679130164019947302e-02 2.529359429966107631e-02 -2.361421738578237672e+00 1.401245766793420278e-01 -9.089046285871165212e-03 -2.578056730068413183e-01 -6.270614631209409096e-02 -1.170269239918059201e-02 -3.698267921346665155e-01 -5.132494572218163076e-02
3.047846766644225769e-02 -4.457453422250078762e-05 1.222757872371605492e+00 4.500920138023895706e-02 3.474419545970166417e-02 -1.205102394788030722e+02 1.960505819012499373e-02 9.679130164019947302e-02 1.544109425395533606e+02 1.703714303975101263e-02 1.855594069188077830e-02 -3.221970671224458727e+01 -4.908734043538738601e-02 1.331559566128742017e-02 -1.973027197364654262e+00 -1.263162168967419396e-01 -5.132497973335678476e-02 -1.098360821472696092e+00
9.979733895374126584e-02 -7.357327903244311525e-05 -8.020524785426069031e-03 1.091581979154325754e+00 -1.888538617450400640e-03 -2.072258784365772419e-02 -3.265744780579461715e+00 2.529359429966107631e-02 1.703714303975101263e-02 2.493658176837539653e+00 6.881786710946770184e-03 -4.402334502783445563e-04 -5.684189748607747505e-01 -3.672455172487169330e-03 9.431724966100034011e-03 -3.429127810580973740e-02 -6.985748749943358673e-04 2.883325358762119789e-02
4.006334525220339211e-05 8.557905831021811460e-02 -2.432775065573771541e-03 -5.391425309950818867e-02 8.999593095837530310e-01 5.921706276034147468e-03 3.175066863021033803e-01 -2.361421738578237672e+00 1.855594069188077830e-02 6.881786710946770184e-03 2.723183296789587704e+00 -5.401467213388853189e-02 4.327746016377630525e-03 -6.891940839329926405e-01 -1.117413426249835385e-03 -5.280943826255759740e-03 -1.231727006749901154e-01 -4.222189222528558404e-03
-1.066557853704669552e-02 -3.521611159301905013e-03 -8.708009861351007075e-01 -3.855427286691710809e-02 -6.282699058862833974e-02 3.122686276361177349e+00 1.882498567613376944e-02 1.401245766793420278e-01 -3.221970671224458727e+01 -4.402334502783445563e-04 -5.401467213388853189e-02 2.940422256623407904e+01 3.742935496703407583e-02 -3.516655054848754486e-02 -4.930763372168857628e-01 -2.919246980570721489e-02 -2.535424856981032676e-03 1.222949245713401689e+00
1.803860995248769417e+00 -5.356141798828546741e-02 -3.855871904232897190e-02 -1.745567980929668417e-01 -1.596074038541980128e-02 6.147184492567322328e-02 2.299728726683740454e-01 -9.089046285871165212e-03 -4.908734043538738601e-02 -5.684189748607747505e-01 4.327746016377630525e-03 3.742935496703407583e-02 1.863874910208969338e+00 6.697913640832754700e-02 2.902449892738293569e-01 -3.165942044913131692e+00 2.150120285964694788e-02 4.500920134987786841e-02
-1.889622408312575897e-03 9.113604753731898711e-01 -6.276901246490391995e-02 -1.596074040008143777e-02 -5.788756509802314154e-01 5.537269421576182515e-02 -9.822364128906444641e-03 -2.578056730068413183e-01 1.331559566128742017e-02 -3.672455172487169330e-03 -6.891940839329926405e-01 -3.516655054848754486e-02 6.697913640832754700e-02 1.579349193368501325e+00 3.309790185437327947e-01 -2.888980706795840907e-04 -3.520623366368885065e+00 3.474419604120212307e-02
6.625144870007224074e-02 1.423082261666270068e-02 3.122327136969917483e+00 6.147184493063569816e-02 5.537269417904153168e-02 -6.088018537034741717e-01 2.660259556033672812e-01 -6.270614631209409096e-02 -1.973027197364654262e+00 9.431724966100034011e-03 -1.117413426249835385e-03 -4.930763372168857628e-01 2.902449892738293569e-01 3.309790185437327947e-01 1.215533379140946835e+02 -1.607667766553849964e-01 5.878404313004740450e-02 -1.205102394778621004e+02
-2.511823877840820174e+00 2.975129007979286366e-01 1.881646416766963661e-02 2.299728628155175703e-01 -9.822362665368813278e-03 2.660250773424459592e-01 -8.422572366069602801e-02 -1.170269239918059201e-02 -1.263162168967419396e-01 -3.429127810580973740e-02 -5.280943826255759740e-03 -2.919246980570721489e-02 -3.165942044913131692e+00 -2.888980706795840907e-04 -1.607667766553849964e-01 6.421736210527462241e+00 2.859313918304479119e-01 1.960494419833420238e-02
2.529270550715666255e-02 -2.360297581313498760e+00 1.399754025342571095e-01 -9.089042404663469701e-03 -2.578056474901490591e-01 -6.270620493768180870e-02 -1.170270664485833882e-02 -3.698267921346665155e-01 -5.132497973335678476e-02 -6.985748749943358673e-04 -1.231727006749901154e-01 -2.535424856981032676e-03 2.150120285964694788e-02 -3.520623366368885065e+00 5.878404313004740450e-02 2.859313918304479119e-01 7.110741419434915223e+00 9.679125122033598039e-02
2.879551420734390021e-02 2.332451882179532171e-02 -3.221958100641055012e+01 -4.908734041393712777e-02 1.331559548670697632e-02 -1.973027196940209116e+00 -1.263163548501150257e-01 -5.132494572218163076e-02 -1.098360821472696092e+00 2.883325358762119789e-02 -4.222189222528558404e-03 1.222949245713401689e+00 4.500920134987786841e-02 3.474419604120212307e-02 -1.205102394778621004e+02 1.960494419833420238e-02 9.679125122033598039e-02 1.544109425392210824e+02
